ERO_04590    110.8593287 -73.4491656 8.496   -17.95 0.23 0.23   7.60 0.63 0.51   0.66 0.03 0.03 218 150   3.4 0.2    4.5 0.3 > 14.8     7.26 0.15 0.13 1 direct mu=8.70        
ERO_05144    110.8396739 -73.4453570 6.378   -18.94 0.34 0.34   8.55 0.18 1.03   0.65 0.01 0.01 151  51   7.2 0.2    9.9 0.3   18.6 3.3 7.82 0.12 0.09 1 direct mu=3.18        
ERO_06355    110.8445942 -73.4350590 7.665   -20.33 0.00 0.00   8.77 0.08 0.01   1.41 0.01 0.01 150   4   8.2 0.2   11.8 0.3    8.2 0.3 8.35 0.11 0.08 1 direct mu=1.78        
ERO_08140    110.7880022 -73.4618680 5.275   -19.63 0.00 0.00   9.45 0.08 0.68   0.54 0.04 0.04  19   3   4.0 0.4    6.8 0.7    2.9 0.2 8.40 0.15 0.15 1 R23    mu=3.23        
ERO_10612    110.8339649 -73.4345232 7.660   -20.07 0.08 0.08   7.78 0.29 0.03   1.14 0.01 0.02 210  16   7.1 0.3    9.8 0.4   21.7 4.0 7.59 0.08 0.08 1 direct mu=1.86        
GLASS_10000    3.6013389 -30.3792254 7.881   -20.36 0.16 0.14   8.16 0.27 0.07   1.25 0.03 0.04 195  32                                                1        mu=1.38        
GLASS_100001   3.6038450 -30.3822348 7.874   -20.29 0.50 0.29   9.15 0.55 0.00   0.95 0.10 0.13  40  11   4.7 1.3    7.8 2.1    2.8 0.4 8.31 0.24 0.20 1 R23    mu=1.41        
GLASS_100003   3.6045089 -30.3804439 7.877   -20.69 0.10 0.17   8.27 0.38 0.04   1.22 0.04 0.05 139  19   7.8 0.8   10.8 1.1   20.4 5.9 7.64 0.23 0.19 1 direct mu=1.34        
GLASS_100005   3.6064583 -30.3809939 7.879   -20.06 0.45 0.27   8.38 0.43 0.13   1.25 0.13 0.18 252 108                                                1        mu=1.33        
GLASS_10021    3.6085111 -30.4185405 7.286   -21.44 0.34 0.28   8.51 0.30 0.22   1.09 0.02 0.02  68  27   8.3 0.4   11.7 0.6   12.1 0.9 7.87 0.12 0.10 1 direct mu=1.72        
GLASS_150008   3.6025299 -30.4192324 6.229   -19.71 1.01 0.15   8.23 0.49 0.15   0.63 0.02 0.02  86  26   6.4 0.4                       8.17 0.23 0.23 1 R3     mu=2.06        
GLASS_50038    3.5651997 -30.3942643 5.772   -20.12 1.36 0.19   9.09 0.39 0.09   0.91 0.04 0.05  36   7   7.1 0.7   11.2 1.2    3.9 0.9 8.10 0.16 0.15 1 R23    mu=1.76        
GLASS_110000   3.5706428 -30.4146381 5.763   -19.91 0.64 0.34   9.22 0.16 0.27   0.53 0.04 0.05  31  10   6.6 0.7    9.6 1.1    6.4 1.1 8.11 0.15 0.15 1 R23    mu=1.40        
GLASS_160122   3.5649015 -30.4249568 5.331                                                                                                                      mu=1.19        
GLASS_50002    3.5770012 -30.4155218 5.133   -19.44 0.65 0.44   8.87 0.29 0.08   0.47 0.18 0.31  47  25 > 8.0     > 12.6        4.4 1.2                1        mu=1.70        
GLASS_80070    3.5823211 -30.3876547 4.797   -17.77 1.01 0.19   7.42 0.70 0.04   0.17 0.04 0.05 100  14   4.6 0.5    7.0 0.7    4.6 0.6 7.80 0.19 0.18 1 R23    mu=7.91        
GLASS_150029   3.5771664 -30.4225760 4.584   -19.20 0.10 1.08   9.12 0.03 0.33   1.04 0.02 0.02 138  10   6.3 0.3    8.9 0.4   12.0 1.0 7.70 0.09 0.08 1 direct mu=1.48, Broad 
GLASS_40066    3.5997164 -30.4318948 4.020   -20.43 1.86 0.26   9.40 0.33 0.10   1.57 0.02 0.02  84  18   7.0 0.3                       8.15 0.23 0.23 1 R3     mu=1.40        
GLASS_160133   3.5802754 -30.4244041 4.015   -18.94 0.08 0.09   8.11 0.41 0.22   1.16 0.01 0.01 227  89   7.7 0.1   10.7 0.2   13.3 0.6 7.95 0.06 0.05 1 direct mu=1.54, Broad 
GLASS_80029    3.6031803 -30.4157094 3.951   -18.92 1.00 0.50   8.50 0.22 0.49   0.47 0.04 0.05  62  25   6.5 0.7                       8.16 0.23 0.23 1 R3     mu=2.39        
CEERS_00003  215.0051890  52.9965800 8.005   -18.76 1.02 0.52   8.61 0.48 0.43                  285 202   6.3 2.1                       7.80 0.31 0.44 1 R3                    
CEERS_00007  215.0117060  52.9883030 8.873   -20.31 0.35 0.32   8.01 0.23 0.05                  102  70 > 2.0                                          1                       
CEERS_00044  215.0011150  53.0112690 7.104   -19.38 0.13 0.33   7.94 0.28 0.42                   86  52 > 9.6                                          1                       
CEERS_00067  215.0155970  53.0118570 6.212   -15.87 0.15 0.38   6.11 0.35 0.05                  578 225 > 3.3                                          1                       
CEERS_00314  214.8689530  52.8772060 5.270   -19.04 0.40 0.08   8.72 0.09 0.22                   69  58 > 4.2                           7.95 0.32 0.32 1 R3                    
CEERS_00323  214.8725560  52.8759490 5.668   -18.70 0.04 0.10   7.23 0.06 0.05   0.78 0.03 0.04 417  43   3.9 0.3    5.1 0.4 >  1.4     7.32 0.15 0.15 1 R23    No=2           
CEERS_00355  214.8064820  52.8788270 6.105   -19.79 0.19 0.47   7.83 0.64 0.07   0.95 0.05 0.05 144  24   6.1 0.8    9.1 1.2    7.1 2.0 7.93 0.19 0.19 1 R23    No=2           
CEERS_00356  214.8052900  52.8778610 5.641   -18.26 0.63 0.42   8.41 0.17 0.26                   28  30 > 2.7                                          1                       
CEERS_00362  214.8126890  52.8815360 6.051   -18.55 0.03 0.28   7.34 0.31 0.17   0.49 0.08 0.11 252  99   4.8 1.1    6.4 1.5 >  6.3     7.48 0.22 0.21 1 R23                   
CEERS_00381  214.8196710  52.8797550 5.513   -18.54 0.34 0.89   9.03 0.11 0.12   0.74 0.12 0.17  81  33   4.0 1.4    5.5 1.9 >  2.8     7.79 0.29 0.28 1 R23    No=2           
CEERS_00386  214.8321840  52.8850830 6.618   -18.48 0.81 0.32   7.60 0.54 0.29                   38  93 > 5.2                           7.97 0.27 0.27 1 R3     No=2           
CEERS_00397  214.8361970  52.8826930 6.005   -21.23 0.17 0.24   8.45 0.53 0.06   1.76 0.02 0.03 139  18   7.5 0.5   11.0 0.7    6.7 0.9 7.87 0.14 0.14 1 R23    No=2, Broad    
CEERS_00403  214.8289680  52.8757010 5.766   -20.30 0.69 0.28   9.35 0.27 0.09   1.20 0.06 0.07  34   8   5.7 0.9   10.9 1.7    1.6 0.2 8.11 0.18 0.17 1 R23    No=2           
CEERS_00407  214.8393160  52.8825650 7.029   -18.55 0.11 0.48   7.61 0.81 0.28   0.54 0.09 0.12 219 117   6.5 1.6    8.5 2.1 >  6.5     7.71 0.36 0.28 1 R23                   
CEERS_00439  214.8253640  52.8630650 7.179   -19.28 0.08 0.22   7.45 0.40 0.05                  233  42   5.9 1.0                       7.71 0.37 0.29 1 R3                    
CEERS_00498  214.8130450  52.8342490 7.179   -20.20 0.05 0.22   7.82 0.32 0.05                  232  58   4.5 1.2                       7.47 0.30 0.29 1 R3                    
CEERS_00515  214.8785340  52.8741420 5.664   -16.89 0.98 2.12   8.48 0.21 0.36   0.65 0.07 0.09  96  41   5.0 0.9    6.6 1.3            8.41 0.19 0.17 1 R23                   
CEERS_00534  214.8591170  52.8536400 7.115   -20.10 0.51 0.24   8.72 0.28 0.40                                                                         1                       
CEERS_00542  214.8316240  52.8315050 7.064   -19.89 0.38 0.06   8.25 0.07 0.10                   14  26 > 2.4                                          1                       
CEERS_00545  214.8644110  52.8536570 5.668   -20.86 1.32 0.00   9.03 0.58 0.11   1.34 0.07 0.09  72  21   5.7 1.1    8.7 1.7    4.8 1.2 7.93 0.19 0.19 1 R23                   
CEERS_00577  214.8928610  52.8651570 6.695   -18.35 0.70 0.43   7.46 0.56 0.23   0.46 0.10 0.12 260 124   2.9 0.8    4.0 1.1            7.20 0.19 0.20 1 R23                   
CEERS_00603  214.8672470  52.8367370 6.059   -19.98 0.17 1.06   9.10 0.10 0.51   1.19 0.12 0.16 251  69   6.4 1.1    9.0 1.5   11.5 3.2 7.82 0.19 0.19 1 R23    No=3           
CEERS_00618  214.8764690  52.8394120 6.055   -19.57 0.18 0.10   8.06 0.06 0.06   0.81 0.11 0.14 127  45   3.7 1.1    5.0 1.2 >  2.7     7.88 0.28 0.27 1 R23    No=4           
CEERS_00669  214.8963810  52.8385140 5.273   -19.55 0.93 0.38   8.76 0.41 0.23                   34  26 > 3.5                           8.18 0.23 0.23 1 R3                    
CEERS_00670  214.9036810  52.8449140 5.804   -18.05 0.53 0.35   7.66 0.73 0.05   1.11 0.12 0.17 141  46   7.5 2.4   10.7 3.5 >  3.0     7.88 0.22 0.22 1 R23                   
CEERS_00672  214.8896770  52.8329770 5.666   -16.71 0.31 1.16   9.03 0.05 0.18   1.20 0.11 0.15  37  11   2.7 0.8    5.2 1.8 >  0.8     8.57 0.30 0.23 1 R23    Broad          
CEERS_00686  215.1508619  52.9895618 7.752 > -20.42           < 8.44                                      5.7 0.9                                      0                       
CEERS_00689  214.9990525  52.9419767 7.549 > -20.93           < 8.70                                      7.0 1.0                       8.00 0.24 0.24 0 R3     No=2           
CEERS_00698  215.0503166  53.0074406 7.471   -21.60 0.11 0.11   9.39 0.17 0.17   1.71 0.14 0.21           7.9 0.5   11.1 0.8   14.9 3.6 7.87 0.14 0.15 0 R23                   
CEERS_00707  214.9919080  52.9250450 4.899   -19.74 0.20 0.20   8.76 1.09 1.09   1.36 0.16 0.26           9.0 1.7   12.0 3.4    6.0 1.2 7.92 0.19 0.24 0 R23    No=2           
CEERS_00716  215.0803487  52.9932406 6.961   -21.65 0.17 0.17   9.42 0.18 0.18                                                                         0                       
CEERS_00717  215.0814058  52.9721795 6.934   -21.49 0.12 0.12   9.34 0.17 0.17   1.72 0.15 0.23           7.4 1.3   11.1 2.0    7.2 2.0 7.87 0.17 0.18 0 R23    No=4, Broad    
CEERS_00746  214.8091416  52.8684835 5.626   -17.82 0.33 0.61   9.30 0.05 0.14   0.92 0.11 0.14  30  11   5.8 1.7    6.8 2.0 >  1.0     8.29 0.24 0.22 1 R23    No=2, Broad    
CEERS_00792  214.8717663  52.8331673 6.257   -18.84 0.24 0.33   8.54 0.24 0.66   0.97 0.07 0.08 144  65   9.2 1.6   13.4 2.3    5.4 1.3 7.98 0.16 0.18 1 R23                   
CEERS_00829  214.8615939  52.8761590 7.167   -19.57 0.06 0.10   7.58 0.23 0.06                  212  96 > 3.7                           7.92 0.37 0.37 1 R3                    
CEERS_00933  214.8337227  52.8682822 4.243   -20.64 0.09 0.30   8.13 0.54 0.05   1.78 0.05 0.06 171  25   8.8 1.2   12.8 1.8 >  6.7     7.96 0.16 0.17 1 R23                   
CEERS_01019  215.0353914  52.8906618 8.681   -22.44 0.45 0.17  10.12 0.12 0.11   1.97 0.04 0.05  81  11   8.1 1.0   11.0 1.3   13.6 1.6 8.04 0.17 0.17 1 R23    No=2           
CEERS_01023  215.1884129  53.0336473 7.779   -21.06 0.17 0.17   8.76 0.33 0.33   1.49 0.15 0.22           3.1 0.8    4.2 1.0 >  2.8     7.61 0.22 0.23 0 R23    No=2           
CEERS_01025  214.9675468  52.9329530 8.714 > -20.61           < 8.54           < 1.31                     5.3 1.2    7.4 1.7    8.3 2.5 7.64 0.18 0.20 0 R23                   
CEERS_01027  214.8829941  52.8404159 7.825   -20.73 0.12 0.14   8.12 0.34 0.05   1.23 0.03 0.03 175  14   7.4 0.5    9.9 0.7   21.5 5.5 7.83 0.20 0.15 1 direct No=4           
CEERS_01029  215.2187624  53.0698619 8.612   -21.14 0.14 0.14   8.80 0.33 0.33                            4.8 1.4                       8.19 0.25 0.24 0 R3     No=2           
CEERS_01038  215.0396971  52.9015971 7.197   -19.24 0.18 0.12   8.38 0.12 0.05   0.74 0.08 0.09  87  48   5.1 1.0    7.6 1.6 >  4.0     7.84 0.25 0.28 1 R23    No=2           
CEERS_01064  215.1771672  53.0489751 6.794 > -20.09           < 8.63           < 1.10                     6.7 2.1                                      0        No=2           
CEERS_01065  215.1168542  53.0010814 6.190 > -20.31           < 8.91           < 2.00                    10.8 3.2   17.6 5.1    2.5 0.3 7.99 0.15 0.15 0 R23                   
CEERS_01102  215.0910473  52.9542849 6.994 > -20.32           < 8.75                                    > 4.9                           7.97 0.28 0.28 0 R3                    
CEERS_01115  215.1628177  53.0730973 6.300                                                                5.6 0.7    7.1 0.8 >  3.5     7.62 0.15 0.16   R23                   
CEERS_01142  215.0607164  52.9587084 6.957   -21.64 0.14 0.14   9.41 0.17 0.17                          > 2.7                           7.98 0.26 0.26 0 R3                    
CEERS_01143  215.0770064  52.9695042 6.930 > -20.24           < 8.71           < 1.66                     8.4 1.3   11.9 1.9    8.3 2.1 7.91 0.16 0.17 0 R23    No=2           
CEERS_01149  215.0897143  52.9661828 8.179   -20.83 0.19 0.19   8.65 0.33 0.33   1.40 0.15 0.22           7.2 0.9   10.1 1.3   13.4 3.4 7.82 0.16 0.16 0 R23    No=2           
CEERS_01160  214.8050474  52.8458770 6.566 > -20.15           < 8.67           < 1.13                     5.3 0.9    8.5 1.4    3.7 0.9 8.26 0.18 0.17 0 R23                   
CEERS_01163  214.9904678  52.9719902 7.451 > -20.78           < 8.98                                    > 6.1                           7.99 0.24 0.24 0 R3     No=2           
CEERS_01173  215.1542076  52.9558470 4.997   -20.98 0.11 0.11   9.38 1.12 1.12   2.26 0.14 0.21           7.0 1.5   12.6 2.7    1.7 0.2 8.01 0.23 0.20 0 R23    No=2           
CEERS_01207  214.9600055  52.8311713 4.897   -20.68 0.04 0.08   8.81 0.05 0.05                   16  14 > 4.7                           7.96 0.29 0.29 1 R3                    
CEERS_01217  215.2422372  53.0324421 4.637   -21.44 0.07 0.07   9.61 1.13 1.13                          > 7.9                                          0                       
CEERS_01236  215.1452982  52.9672786 4.480   -19.61 0.27 0.23   8.91 0.18 0.18   0.24 0.11 0.15  34  15   3.3 1.0    5.4 1.7 >  2.9     7.55 0.29 0.28 1 R23    No=2, Broad    
CEERS_01244  215.2406522  53.0360412 4.482   -19.50 0.18 0.18   8.62 0.88 0.88   2.36 0.15 0.22           5.6 1.5    7.8 2.1 >  3.7     7.67 0.20 0.23 0 R23    No=2, Broad    
CEERS_01267  215.2220383  53.0273690 5.152 > -19.12           < 8.45                                    > 3.0                           7.98 0.26 0.26 0 R3     No=2           
CEERS_01289  214.9476341  52.8370980 4.880   -20.12 0.04 0.07   8.56 0.05 0.05   0.79 0.07 0.09  60  11   5.1 1.0    8.5 1.6    3.4 0.6 8.12 0.15 0.37 1 R23                   
CEERS_01294  214.9552513  52.8428999 4.999   -20.86 0.12 0.08   8.89 0.14 0.07   1.44 0.09 0.11  43  11  11.2 2.5   17.0 3.9    3.8 0.8 7.98 0.14 0.14 1 R23                   
CEERS_01324  215.0305739  52.9026048 5.007   -19.94 0.11 0.07   8.53 0.05 0.05   0.66 0.10 0.13  62  16   4.5 1.2    5.8 1.5 >  2.2     7.61 0.28 0.26 1 R23                   
CEERS_01334  214.7683564  52.7176411 5.503 > -20.41           < 8.96           < 2.08                                                                  0                       
CEERS_01358  215.0909401  52.9515310 5.504   -19.69 0.05 0.05   8.39 0.05 0.05   0.95 0.10 0.14  39  11   9.6 2.6   14.3 4.0 >  3.7     8.06 0.24 0.24 1 R3                    
CEERS_01365  215.0268968  52.9072017 4.307   -19.73 0.32 0.35   9.05 0.08 0.32   1.32 0.07 0.08 238  56   4.2 0.8    7.5 1.4    2.4 0.6 8.34 0.19 0.17 1 R23                   
CEERS_01374  214.9439110  52.8500419 4.999   -21.48 0.07 0.11   9.17 0.18 0.06   1.81 0.04 0.05 131  27   7.2 1.1   10.6 1.6    5.2 0.6 7.90 0.15 0.16 1 R23    No=2           
CEERS_01388  215.0001061  52.8910612 4.548 > -19.70           < 8.74           < 1.36                     3.4 1.0    7.8 2.3    0.9 0.2 8.31 0.26 0.21 0 R23                   
CEERS_01395  215.2349864  53.0572423 4.283   -20.46 0.13 0.13   9.14 0.90 0.90   1.93 0.14 0.21           7.7 2.2   11.1 3.1    5.0 1.1 7.87 0.20 0.24 0 R23                   
CEERS_01400  215.1161048  52.9741843 4.492   -19.52 0.18 0.11   8.45 0.17 0.05   0.88 0.11 0.14  65  19   8.8 2.5   10.9 3.1 >  2.5     8.11 0.25 0.21 1 R23    No=2           
CEERS_01401  215.2458005  53.0652953 5.375 > -20.06           < 8.92           < 1.18                     7.1 1.2   11.1 1.9    4.4 0.6 7.92 0.20 0.21 0 R23    No=2           
CEERS_01410  215.2321183  53.0573686 5.262 > -20.04           < 8.91                                    > 5.3                           7.97 0.27 0.27 0 R3                    
CEERS_01420  215.0928636  52.9606975 5.296   -20.44 0.21 0.21   9.11 1.11 1.11   1.47 0.15 0.23           3.7 0.9    7.0 1.7    1.8 0.4 8.21 0.26 0.25 0 R23    No=2           
CEERS_01433  215.2248759  53.0555927 4.481   -20.47 0.14 0.14   9.15 0.90 0.90                          > 4.9                           7.97 0.28 0.28 0 R3                    
CEERS_01449  215.0800050  52.9567860 4.756   -21.18 0.32 0.12   9.24 0.20 0.05   1.68 0.05 0.06  71  13   5.8 1.4    9.2 2.2    3.8 0.6 8.22 0.22 0.19 1 R23    No=2           
CEERS_01452  215.2261665  53.0602231 4.471   -19.84 0.19 0.19   8.80 0.89 0.89   1.00 0.15 0.22           5.9 1.2    8.1 1.7 >  6.8     7.69 0.18 0.20 0 R23                   
CEERS_01465  214.8880049  52.8882513 5.274   -19.72 1.81 0.45   8.87 0.48 0.14   0.84 0.10 0.12  87  30   4.4 1.3    7.1 2.1    3.5 1.1 8.25 0.23 0.22 1 R23    No=2           
CEERS_01467  215.0029264  52.9694972 4.631 > -19.37           < 8.58                                    > 3.9                           7.95 0.34 0.34 0 R3                    
CEERS_01477  215.0034914  52.9695391 4.631 > -19.92           < 8.85           < 1.46                     6.1 0.5    9.0 0.8    5.1 0.7 7.75 0.15 0.15 0 R23                   
CEERS_01518  215.0068020  52.9650411 6.108   -21.07 0.16 0.16   9.29 0.86 0.86   1.62 0.14 0.22           7.8 0.8   11.0 1.1    9.2 2.0 7.87 0.15 0.15 0 R23                   
CEERS_01534  214.8861409  52.8769248 4.588   -20.02 0.46 0.10   8.93 0.24 0.05   1.27 0.08 0.10  44   9   8.0 1.7   15.6 3.4    1.5 0.3 7.99 0.15 0.15 1 R23                   
CEERS_01536  214.9772267  52.9407821 5.036   -19.91 0.18 0.18   8.85 1.09 1.09   1.20 0.15 0.22           8.1 0.8   11.5 1.1   13.4 3.3 7.61 0.18 0.15 0 direct No=2           
CEERS_01539  214.9800779  52.9426590 4.888 > -19.65           < 8.72           < 1.41                     6.2 1.4    9.0 1.9    3.2 0.3 7.96 0.19 0.21 0 R23    No=2           
CEERS_01544  215.0616558  52.9995867 4.192 > -19.30           < 8.51           < 0.98                     5.2 1.1    6.5 1.4 >  3.2     7.69 0.27 0.28 0 R23    No=2           
CEERS_01561  215.1660971  53.0707553 6.204   -19.91 0.13 0.13   8.70 0.83 0.83   1.28 0.15 0.22           4.6 0.5    6.4 0.7   10.5 2.6 7.62 0.15 0.15 0 R23    No=2           
CEERS_01565  215.0575020  52.9937149 4.792   -20.28 0.14 0.14   9.03 1.10 1.10                                                                         0                       
CEERS_01605  215.0754073  52.9975786 4.631   -20.45 0.13 0.13   9.11 1.10 1.10   1.55 0.14 0.21           5.3 0.8    9.4 1.4    1.9 0.3 8.12 0.26 0.26 0 R23    No=2           
CEERS_01617  215.0713061  52.9922950 4.637   -19.84 0.20 0.20   8.81 1.09 1.09   1.33 0.15 0.23           6.9 2.2                       7.98 0.26 0.26 0 R3     No=2           
CEERS_01620  215.0871730  53.0028920 5.303 > -19.37           < 8.58           < 0.82                     4.6 1.6    6.3 2.1 >  2.9     7.54 0.22 0.28 0 R23                   
CEERS_01626  215.0710921  52.9903228 4.638 > -19.33           < 8.55                                      8.4 1.3                       7.90 0.28 0.28 0 R3     No=2           
CEERS_01634  215.0211100  52.9569223 5.076   -22.01 0.06 0.06   9.90 1.15 1.15                                                                         0                       
CEERS_01651  215.1692172  53.0547657 4.382   -19.93 0.13 0.13   8.85 0.89 0.89   1.04 0.14 0.21           6.5 1.2    9.0 2.5 > 11.4     7.75 0.20 0.23 0 R23    No=2           
CEERS_01658  214.9852372  52.9242590 4.610 > -19.35           < 8.56           < 1.09                     5.6 1.0    9.1 1.2    4.8 0.5 7.76 0.16 0.16 0 R23    No=2           
CEERS_01665  215.1781971  53.0593487 4.488   -21.66 0.07 0.07   9.79 0.92 0.92   2.42 0.14 0.20           6.8 0.3   11.5 0.5    2.4 0.1 8.05 0.19 0.19 0 R23    No=2, Broad    
CEERS_01672  214.7446370  52.7503136 5.206   -22.00 0.28 0.06   9.54 0.16 0.05                   16   6 > 2.8                                          1                       
CEERS_01677  215.1887384  53.0643782 5.872   -20.64 0.11 0.11   9.07 0.84 0.84   1.44 0.15 0.24           4.9 1.1    8.1 1.7    3.0 0.6 8.29 0.21 0.19 0 R23    No=2           
CEERS_01691  215.1854288  53.0593709 5.038   -21.29 0.12 0.12   9.54 1.13 1.13   1.95 0.16 0.27           6.4 1.5    7.8 1.8 >  2.3     7.67 0.18 0.21 0 R23    No=2           
CEERS_01699  215.0533477  52.9648857 5.078   -19.88 0.18 0.18   8.83 1.09 1.09   1.16 0.15 0.22           6.5 0.7    9.6 1.0    6.0 1.0 7.79 0.15 0.15 0 R23                   
CEERS_01706  215.1195558  53.0100982 4.581 > -19.70           < 8.74                                    > 3.8                           7.96 0.31 0.31 0 R3     No=2           
CEERS_01732  215.2128103  53.0712112 4.641   -21.30 0.10 0.10   9.54 1.13 1.13   1.59 0.14 0.21           1.8 0.4    4.8 0.9    0.8 0.1 8.62 0.19 0.18 0 R23    No=2           
CEERS_01746  215.0540062  52.9568667 4.560   -19.40 0.20 0.20   8.59 1.08 1.08   0.83 0.15 0.23           6.6 0.4   10.1 0.6    4.8 0.4 7.82 0.14 0.14 0 R23                   
CEERS_01756  214.7533620  52.7409890 5.452   -20.57 0.26 0.08   8.87 0.22 0.09                   17  10 > 3.9                           8.27 0.24 0.24 1 R3                    
CEERS_01759  215.0364390  52.9417510 5.104   -19.83 0.16 0.16   8.81 1.09 1.09                          > 5.0                           7.97 0.28 0.28 0 R3                    
CEERS_01767  215.1727576  53.0357884 4.547   -20.22 0.12 0.12   9.00 1.10 1.10   1.36 0.21 0.41           4.3 1.2    5.3 1.4 >  3.1     7.45 0.20 0.23 0 R23    No=2           
CEERS_01836  215.0871958  52.9649047 4.474   -20.02 0.18 0.18   8.90 0.89 0.89                          > 3.2                           7.99 0.24 0.24 0 R3     No=2           
CEERS_01912  215.0108339  53.0133270 5.104   -20.71 0.38 0.66   8.67 0.64 0.24                   65  40 > 5.1                           7.97 0.27 0.27 1 R3                    
CEERS_01953  214.9982666  52.9947428 4.608   -20.00 0.43 0.07   8.46 0.29 0.06                  106  42 > 5.4                           7.98 0.26 0.26 1 R3                    
CEERS_02000  214.8596290  52.8881300 4.809   -20.29 0.33 0.67   8.97 0.24 0.64   1.35 0.04 0.05 152  67   6.3 0.7    9.5 1.0    6.5 1.1 7.99 0.15 0.15 1 R23                   
CEERS_02036  215.0144487  52.9939022 4.645 > -19.62           < 8.70                                    > 6.8                                          0                       
CEERS_02089  214.9991752  52.9733008 4.645   -20.16 0.18 0.18   8.97 1.10 1.10   1.40 0.15 0.22           9.0 2.3   11.7 3.0 >  9.5     7.92 0.25 0.27 0 R23    No=2           
CEERS_02116  214.8116852  52.8372405 5.280   -20.03 0.45 0.63   8.64 0.38 0.30   0.87 0.05 0.05  98  50   5.4 0.7    7.6 1.0    8.0 2.3 7.91 0.30 0.21 1 R23                   
CEERS_02123  214.8245795  52.8457265 5.289   -21.24 0.11 0.11   9.51 1.13 1.13   1.65 0.14 0.21           6.8 0.8    9.6 1.1    9.0 1.9 7.79 0.15 0.15 0 R23                   
CEERS_02140  214.7960090  52.7158781 4.897 > -20.24           < 9.01           < 1.16                     6.1 1.2                                      0                       
CEERS_02168  215.1526021  53.0570621 5.658 > -20.39           < 8.94                                    > 5.3                           7.97 0.27 0.27 0 R3     No=2           
CEERS_02174  215.0834205  52.9915130 5.308 > -19.16           < 8.47           < 0.73                     4.7 1.4    8.7 2.7    2.1 0.5 8.12 0.28 0.26 0 R23    No=2           
CEERS_02362  214.8645053  52.8709642 5.322   -18.02 0.66 0.11   9.67 0.35 0.58   1.80 0.12 0.17  47  30   5.8 1.9    6.3 2.1 >  0.8     8.45 0.28 0.22 1 R23                   
CEERS_02782  214.8234525  52.8302813 5.251   -19.50 0.12 0.00   8.53 0.42 0.05   1.68 0.05 0.05 157  17   4.5 0.5    6.0 0.6 > 10.0     7.51 0.16 0.16 1 R23    No=2, Broad    
CEERS_03584  214.9887523  52.9980436 4.642   -20.94 0.96 0.32   8.89 0.55 0.19   1.39 0.04 0.04 142  53                                                1                       
CEERS_04144  215.1752272  53.0632832 4.673 > -19.47           < 8.63           < 1.28                     7.9 2.4   12.7 3.8    3.5 0.8 8.10 0.24 0.22 0 R23    No=2           
CEERS_04196  215.1534142  53.0163637 5.065   -20.03 0.14 0.14   8.90 1.09 1.09   1.50 0.14 0.21           5.2 1.5    9.4 2.7    1.9 0.4 8.20 0.25 0.21 0 R23                   
CEERS_04210  215.2372077  53.0610871 5.261 > -20.32           < 9.05           < 1.67                     7.3 1.0   11.5 1.6    3.5 0.5 8.04 0.23 0.22 0 R23    No=2           
CEERS_08288  214.7703534  52.7216670 4.180   -21.69 0.12 0.12   9.80 0.92 0.92   2.08 0.14 0.21           8.3 0.7   11.2 0.9   13.0 3.3 7.88 0.15 0.15 0 R23                   
CEERS_10995  215.1520322  52.9740418 4.482   -22.29 0.08 0.07   9.48 0.08 0.05                   24   8 > 5.2                           7.97 0.27 0.27 1 R3                    
CEERS_11117  215.2109830  53.0238252 4.105   -19.84 0.13 0.13   8.80 0.88 0.88   1.00 0.14 0.21           6.1 1.8                                      0                       
CEERS_11383  215.0861440  52.9522083 5.072   -22.74 0.44 0.13   9.87 0.22 0.07                   18  15 > 2.4                                          1                       
CEERS_11624  215.0724897  52.9561377 3.796   -20.34 0.02 0.08   8.52 0.08 0.05   1.28 0.09 0.12 105  25  10.0 2.4                       8.05 0.24 0.24 1 R3                    
CEERS_11676  215.0519465  52.9447738 4.269   -19.86 0.13 0.13   8.81 0.88 0.88                          > 6.4                           7.99 0.24 0.24 0 R3                    
CEERS_11728  215.0848700  52.9707382 3.887   -20.20 0.11 0.11   9.00 0.89 0.89   1.15 0.14 0.21           6.1 0.7                                      0                       
CEERS_12221  214.7580014  52.7664947 4.158   -20.05 0.21 0.21   8.92 0.89 0.89   1.28 0.15 0.23           4.7 1.5                                      0                       
CEERS_12496  215.0594623  52.9955051 4.192   -19.71 0.22 0.22   8.74 0.89 0.89   0.95 0.15 0.23           2.0 0.4                       7.97 0.29 0.29 0 R3     No=2           
CEERS_14777  215.0228283  52.9577664 4.471   -19.80 0.18 0.18   8.78 0.89 0.89                                                                         0                       
CEERS_31329  215.0551163  53.0008499 6.142   -21.52 0.16 0.16   9.51 0.86 0.86   1.68 0.14 0.22                                                        0                       
CEERS_37697  214.8914590  52.8674580 5.150   -19.69 0.03 0.08   8.41 0.12 0.05                   10  10 > 2.2                                          1                       
CEERS_80072  214.8908500  52.8139410 5.268   -18.21 0.11 0.53   8.21 0.28 0.25                   91  85 > 2.7                                          1                       
CEERS_80083  214.9612760  52.8423640 8.637   -19.11 0.61 0.02   8.94 0.08 0.14   0.76 0.09 0.11 105  30   4.5 1.1    6.1 1.5 >  6.9     7.64 0.28 0.25 1 R23                   
CEERS_80239  214.8960540  52.8698530 7.487   -17.92 1.07 0.00   8.13 0.19 0.56   0.36 0.11 0.15 125  57   4.6 1.4    6.6 2.0            7.67 0.42 0.31 1 R23                   
CEERS_80372  214.9277980  52.8500030 7.483   -19.27 0.04 0.03   8.19 0.05 0.05   0.60 0.05 0.06 104  14   2.5 0.4    3.4 0.5 >  6.6     7.46 0.25 0.25 1 R3                    
CEERS_80374  214.8980740  52.8248950 7.174   -18.09 6.67 2.38   9.00 0.07 0.40                  125  36   3.5 1.0                       7.61 0.30 0.31 1 R3                    
CEERS_80432  214.8120560  52.7467470 7.477   -20.05 0.04 0.02   8.50 0.05 0.05                  123  20   7.0 1.2                       8.10 0.25 0.25 1 R3                    
CEERS_80445  214.8431150  52.7478860 7.509   -19.66 0.03 0.02   8.34 0.05 0.05                    8  18 > 3.1                                          1                       
CEERS_80573  214.7739240  52.7805990 5.428   -19.70 0.02 0.07   8.40 0.06 0.05                   51  21 > 5.2                           7.97 0.27 0.27 1 R3                    
CEERS_80576  214.7696270  52.7729400 5.450   -19.13 0.11 0.07   8.26 0.06 0.05   0.88 0.07 0.08 196  34   6.1 1.1    8.1 1.4 >  5.8     7.69 0.39 0.22 1 R23                   
CEERS_80596  214.7718650  52.7781890 6.542   -18.54 0.35 0.09   8.17 0.30 0.12                   61  30 > 3.8                           8.23 0.23 0.23 1 R3                    
CEERS_80710  214.8849850  52.8360450 6.545   -17.85 0.34 1.44   8.16 0.29 0.28                   70  79 > 3.6                           8.19 0.23 0.23 1 R3                    
CEERS_80916  214.8916300  52.8159430 5.674   -17.88 0.53 0.53   8.44 0.05 0.23   0.78 0.08 0.10 176  41   6.3 1.3    8.0 1.7 >  5.4     7.73 0.35 0.26 1 R23                   
CEERS_80954  214.9181830  52.8118260 5.930   -17.72 0.13 0.06   7.60 0.05 0.05   0.14 0.11 0.14 151  43   5.0 1.5                       7.80 0.30 0.37 1 R3                    
CEERS_81018  214.8054760  52.7547300 5.861   -19.04 0.07 0.06   8.14 0.10 0.05                   13  16 > 1.6                           8.12 0.26 0.26 1 R3                    
CEERS_81022  214.8004490  52.7488890 5.300   -18.63 0.05 0.00   7.94 0.05 0.05                   38  30 > 4.6                           7.96 0.29 0.29 1 R3                    
CEERS_81026  214.8098410  52.7542180 5.433   -18.28 0.05 0.33   8.67 0.19 0.09                   75  38 > 9.1                                          1                       
CEERS_81032  214.8126250  52.7548490 5.427   -19.28 0.09 0.10   8.25 0.13 0.05                   45  16 > 7.0                                          1                       
CEERS_81049  214.7898220  52.7307890 6.738   -19.61 0.11 0.12   8.36 0.15 0.05   1.21 0.04 0.05 109  13   8.5 0.9   11.2 1.3 >  8.9     7.88 0.15 0.16 1 R23                   
CEERS_81063  214.7991100  52.7251190 6.086   -19.04 0.12 0.09   8.16 0.07 0.07   0.98 0.09 0.11  90  24   9.2 2.1   11.5 2.6 >  3.1     8.08 0.21 0.19 1 R23                   
CEERS_81068  214.8205070  52.7371480 6.272   -18.30 0.18 0.08   8.00 0.13 0.05   0.60 0.06 0.07 204  35   6.0 1.0    7.9 1.2 > 10.5     7.65 0.22 0.20 1 R23                   
CEERS_82043  214.7199860  52.7502550 4.324   -18.85 0.34 0.11   8.33 0.27 0.07   1.00 0.10 0.13  84  24   7.3 1.9                       8.14 0.24 0.24 1 R3                    
CEERS_82052  214.7665610  52.7822700 5.156   -18.00 0.07 0.12   8.43 0.05 0.25                   80  33 > 5.6                           7.98 0.26 0.26 1 R3                    
CEERS_82300  214.9005570  52.8716120 4.707   -18.49 0.16 0.49   8.47 0.05 0.36                   57  19 > 3.8                           8.25 0.24 0.24 1 R3                    
CEERS_82507  214.8532130  52.8483650 4.986   -19.34 0.66 0.81   8.36 0.85 0.49                   87  74 > 8.1                                          1                       
CEERS_83398  214.9004090  52.8268560 4.554   -19.79 0.05 0.01   8.47 0.05 0.05                   18  15                                                1                       
CEERS_83439  214.9380700  52.8471150 4.824   -16.98 0.05 0.10   7.32 0.09 0.05  -0.04 0.12 0.16 193  59   3.1 1.0    4.1 1.3 >  1.7     7.22 0.21 0.23 1 R23                   
CEERS_83502  214.9058470  52.8119060 4.249   -17.28 0.14 0.12   7.46 0.26 0.05   0.03 0.10 0.13 171  44   2.1 0.6                       7.14 0.27 0.28 1 R3                    
CEERS_83592  214.9566930  52.8337800 5.736   -18.43 0.38 0.22   7.70 0.36 0.08                  218  86 > 3.1                                          1                       
CEERS_83772  214.7857270  52.7315530 5.288   -20.16 0.04 0.04   8.63 0.05 0.05   0.90 0.10 0.13  88  23   5.6 1.6    7.1 2.0 >  2.6     7.82 0.27 0.33 1 R23                   
CEERS_83779  214.8214170  52.7548380 4.307   -18.77 0.06 0.23   8.23 0.08 0.14                  103  42 > 6.9                                          1                       
CEERS_83856  214.8030220  52.7265370 4.556   -18.63 0.11 0.04   7.99 0.05 0.05   0.68 0.06 0.08 221  36   2.7 0.5                       7.18 0.25 0.25 1 R3                    
CEERS_83860  214.8283780  52.7429470 4.493   -17.49 0.73 0.04   8.30 0.34 0.09                   35  48                                                1                       